Cpu 0: 1,3,5,6,7,17,26,27,374,568,569,678,756,796,821,1005,1059,1625,1769,1776,1863,2009,2015,2017,2029,2037,2043,2045,2046,2056,2077,2081,2095,2102,2106,2108,2125,2129,2135,2137,2143,2172,2181,2182,2188,2219,2229,2230,2244,2255,2273,2283,2290,2314,2405,2446,2501,3131,3139,3202,3263,3317,3818,4043,4154,4432,6292,7820,9070
Cpu 1: 2,8,10,12,13,14,15,16,18,19,20,21,22,23,24,28,29,30,31,32,40,41,42,63,173,203,204,221,273,274,371,588,683,750,754,755,812,852,871,934,969,984,1009,1019,1026,1032,1033,1035,1040,1050,1066,1133,1161,1209,1210,1272,1329,1628,1958,1969,2013,2026,2028,2032,2034,2063,2099,2100,2103,2107,2127,2140,2149,2177,2183,2189,2231,2248,2260,2264,2265,2279,2300,2310,2311,2315,2415,2432,2490,2505,2511,2573,3058,3334,4170,6320,7908,7976,9232,9242,9300,9340,9341
CPU0 val=0                    0                    raw=0 ena=1033185733 run=0 ratio=0.00 cycles
CPU0 val=0                    0                    raw=0 ena=1033246332 run=0 ratio=0.00 instructions
CPU1 val=0                    0                    raw=0 ena=1033283343 run=0 ratio=0.00 cycles
CPU1 val=0                    0                    raw=0 ena=1033307199 run=0 ratio=0.00 instructions

Cpu 0: ,1,3,5,6,7,17,26,27,374,568,569,678,756,796,821,1005,1059,1625,1769,1776,1863,2009,2015,2017,2029,2037,2043,2045,2046,2056,2077,2081,2095,2102,2106,2108,2125,2129,2135,2137,2143,2172,2181,2182,2188,2219,2229,2230,2244,2255,2273,2283,2290,2314,2405,2446,2501,3131,3139,3202,3263,3317,3818,4043,4154,4432,6292,7820,9070
Cpu 1: ,2,8,10,12,13,14,15,16,18,19,20,21,22,23,24,28,29,30,31,32,40,41,42,63,173,203,204,221,273,274,371,588,683,750,754,755,812,852,871,934,969,984,1009,1019,1026,1032,1033,1035,1040,1050,1066,1133,1161,1209,1210,1272,1329,1628,1958,1969,2013,2026,2028,2032,2034,2063,2099,2100,2103,2107,2127,2140,2149,2177,2183,2189,2231,2248,2260,2264,2265,2279,2300,2310,2311,2315,2415,2432,2490,2505,2511,2573,3058,3334,4170,6320,7908,7976,9232,9242,9300,9340,9341
CPU0 val=0                    0                    raw=0 ena=2066820600 run=0 ratio=0.00 cycles
CPU0 val=0                    0                    raw=0 ena=2066861007 run=0 ratio=0.00 instructions
CPU1 val=0                    0                    raw=0 ena=2066864795 run=0 ratio=0.00 cycles
CPU1 val=0                    0                    raw=0 ena=2066878499 run=0 ratio=0.00 instructions

Cpu 0: ,1,3,5,6,7,17,26,27,374,568,569,678,756,796,821,1005,1059,1625,1769,1776,1863,2009,2015,2017,2029,2037,2043,2045,2046,2056,2077,2081,2095,2102,2106,2108,2125,2129,2135,2137,2143,2172,2181,2182,2188,2219,2229,2230,2244,2255,2273,2283,2314,2405,2446,2501,3131,3139,3202,3263,3317,3818,4043,4154,4170,4432,6292,7820,9070
Cpu 1: ,2,8,10,12,13,14,15,16,18,19,20,21,22,23,24,28,29,30,31,32,40,41,42,63,173,203,204,221,273,274,371,588,683,750,754,755,812,852,871,934,969,984,1009,1019,1026,1032,1033,1035,1040,1050,1066,1133,1161,1209,1210,1272,1329,1628,1958,1969,2013,2026,2028,2032,2034,2063,2099,2100,2103,2107,2127,2140,2149,2177,2183,2189,2231,2248,2260,2264,2265,2279,2290,2300,2310,2311,2315,2415,2432,2490,2505,2511,2573,3058,3334,6320,7908,7976,9232,9242,9300,9340,9341
CPU0 val=0                    0                    raw=0 ena=3101741419 run=0 ratio=0.00 cycles
CPU0 val=0                    0                    raw=0 ena=3101854731 run=0 ratio=0.00 instructions
CPU1 val=0                    0                    raw=0 ena=3101948350 run=0 ratio=0.00 cycles
CPU1 val=0                    0                    raw=0 ena=3102057035 run=0 ratio=0.00 instructions

Cpu 0: ,1,3,5,6,7,17,26,27,374,568,569,678,756,796,821,1005,1059,1625,1769,1776,1863,2009,2015,2017,2029,2037,2043,2045,2046,2056,2077,2081,2095,2102,2106,2108,2125,2129,2135,2137,2143,2172,2181,2182,2188,2219,2229,2230,2244,2255,2273,2283,2290,2314,2405,2446,2501,3131,3139,3202,3263,3818,4043,4154,4170,4432,6292,7820,9070
Cpu 1: ,2,8,10,12,13,14,15,16,18,19,20,21,22,23,24,28,29,30,31,32,40,41,42,63,173,203,204,221,273,274,371,588,683,750,754,755,812,852,871,934,969,984,1009,1019,1026,1032,1033,1035,1040,1050,1066,1133,1161,1209,1210,1272,1329,1628,1958,1969,2013,2026,2028,2032,2034,2063,2099,2100,2103,2107,2127,2140,2149,2177,2183,2189,2231,2248,2260,2264,2265,2279,2300,2310,2311,2315,2415,2432,2490,2505,2511,2573,3058,3317,3334,6320,7908,7976,9232,9242,9300,9340,9341
CPU0 val=0                    0                    raw=0 ena=4135801723 run=0 ratio=0.00 cycles
CPU0 val=0                    0                    raw=0 ena=4135841479 run=0 ratio=0.00 instructions
CPU1 val=0                    0                    raw=0 ena=4135829472 run=0 ratio=0.00 cycles
CPU1 val=0                    0                    raw=0 ena=4135843157 run=0 ratio=0.00 instructions

Cpu 0: ,1,3,5,6,7,17,26,27,374,568,569,678,756,796,821,1005,1059,1133,1625,1769,1776,1863,2009,2015,2017,2029,2037,2043,2045,2046,2056,2077,2081,2095,2102,2106,2108,2125,2129,2135,2137,2143,2172,2181,2182,2188,2219,2229,2230,2231,2244,2255,2264,2273,2283,2314,2405,2446,2501,3131,3139,3202,3263,3317,3818,4043,4154,4170,4432,6292,7820,7976,9070
Cpu 1: ,2,8,10,12,13,14,15,16,18,19,20,21,22,23,24,28,29,30,31,32,40,41,42,63,173,203,204,221,273,274,371,588,683,750,754,755,812,852,871,934,969,984,1009,1019,1026,1032,1033,1035,1040,1050,1066,1161,1209,1210,1272,1329,1628,1958,1969,2013,2026,2028,2032,2034,2063,2099,2100,2103,2107,2127,2140,2149,2177,2183,2189,2248,2260,2265,2279,2290,2300,2310,2311,2315,2415,2432,2490,2505,2511,2573,3058,3334,6320,7908,9232,9242,9300,9340,9341
CPU0 val=0                    0                    raw=0 ena=5169537859 run=0 ratio=0.00 cycles
CPU0 val=0                    0                    raw=0 ena=5169654466 run=0 ratio=0.00 instructions
CPU1 val=0                    0                    raw=0 ena=5169767311 run=0 ratio=0.00 cycles
CPU1 val=0                    0                    raw=0 ena=5169876831 run=0 ratio=0.00 instructions

